im1 = imread('laranja3.png')

im1(:,:,1) =

  255  255  255  251  221  199  200  223  255  255  255  255
  255  255  242  222  190  170  194  152  117  226  255  255
  255  241  246  255  255  255  226  204  188  102  223  255
  253  243  255  252  252  255  246  225  202  172   93  255
  246  253  253  250  251  251  255  243  220  190  116  196
  247  254  252  251  250  251  253  253  229  200  141  153
  245  254  252  251  251  251  253  253  236  203  146  151
  246  254  253  251  251  252  253  252  232  198  126  184
  251  244  255  253  252  253  255  243  216  176   92  255
  255  238  244  255  255  255  249  223  179   97  205  255
  255  255  238  228  235  235  202  155  120  219  255  255
  255  255  255  253  234  218  207  227  255  255  255  255


im1(:,:,2) =

  255  255  255  255  204  180  171  218  255  255  255  255
  255  255  217  108   83   89   84   50   54  225  255  255
  255  218  116  147  144  136  109   92   79   21  220  255
  255  124  157  162  157  147  124  105   94   73   30  255
  217  148  171  186  187  162  138  126  112   90   33  182
  189  156  178  203  208  184  150  140  119   97   55  120
  183  161  177  197  202  182  154  142  123   99   58  118
  211  149  170  177  176  166  151  137  118   95   40  165
  253  127  158  163  161  158  146  130  109   80   18  255
  255  204  117  148  148  144  134  110   79   16  196  255
  255  255  215  113  110  114   90   56   52  214  255  255
  255  255  255  255  215  186  186  221  255  255  255  255


im1(:,:,3) =

  255  255  255  255  191  143  149  218  255  255  255  255
  255  255  195    0    0    0    0    0   19  222  255  255
  255  197    0    0    1    0    1    0    0    0  217  255
  255    0    0    0    0    0    0    1    0    0    0  255
  188    0    0   47   68   17    0    1    1    1    0  176
  121    0    5  113  136   62    0    0    0    1    0  104
  113    0    4   90  115   46    1    0    0    0    0  102
  178    0    0   18   24    9    0    0    1    0    0  154
  255    0    0    0    2    0    0    1    0    0    0  255
  255  171    0    0    0    0    0    0    0    0  195  255
  255  255  191    0    0    0    0    0   11  212  255  255
  255  255  255  255  201  157  169  219  255  255  255  255

Trial>> impretoebranco = im2bw(im1, 0.9);
Trial>> imshow(impretoebranco);
Warning: MATLAB has disabled some advanced graphics rendering features by switching to software
OpenGL. For more information, click here. 
Trial>> im1vector = impretoebranco(:)

im1vector =

     1
     1
     1
     1
     0
     0
     0
     0
     1
     1
     1
     1
     1
     1
     0
     0
     0
     0
     0
     0
     0
     0
     1
     1
     1
     0
     0
     0
     0
     0
     0
     0
     0
     0
     0
     1
     1
     0
     0
     0
     0
     0
     0
     0
     0
     0
     0
     1
     0
     0
     0
     0
     0
     0
     0
     0
     0
     0
     0
     0
     0
     0
     0
     0
     0
     0
     0
     0
     0
     0
     0
     0
     0
     0
     0
     0
     0
     0
     0
     0
     0
     0
     0
     0
     0
     0
     0
     0
     0
     0
     0
     0
     0
     0
     0
     0
     1
     0
     0
     0
     0
     0
     0
     0
     0
     0
     0
     1
     1
     0
     0
     0
     0
     0
     0
     0
     0
     0
     0
     1
     1
     1
     0
     0
     0
     0
     0
     0
     0
     0
     1
     1
     1
     1
     1
     1
     0
     0
     0
     0
     1
     1
     1
     1

Trial>> mean2(impretoebranco)

ans =

    0.2222

Trial>> mean2(im1vector)

ans =

    0.2222

Trial>> im2 = imread('laranja4.png')

im2(:,:,1) =

  255  255  255  219  175  164  173  194  234  255  255  255
  255  255  160  143  154  165  175  185  188  214  255  255
  255  177  149  155  162  171  185  192  198  203  224  255
  239  147  154  159  175  185  196  200  201  214  217  244
  196  156  163  189  197  206  212  216  218  227  230  233
  176   83  116  218  223  220  220  223  229  232  237  235
  170  140  181  214  217  219  228  231  233  241  244  240
  191  186  201  228  230  237  234  237  243  245  247  241
  227  181  212  222  236  238  241  246  245  248  246  245
  255  200  211  225  238  242  245  246  247  247  241  255
  255  255  212  223  233  242  245  244  245  240  252  255
  255  255  255  239  233  230  235  239  245  255  255  255


im2(:,:,2) =

  255  255  255  198  121   92   95  127  214  255  255  255
  255  255   94   58   71   78   83   85   76  147  255  255
  255  121   66   76   74   77   81   83   88   86  164  255
  233   59   72   77   79   80   82   80   81   96   94  230
  150   68   76   83   84   87   90   87   90  100  109  159
  104   28   50   99  106   99   99  102  108  110  112  142
   94   57   79   88   92   93  108  115  116  126  121  144
  127   81   85  103  101  119  112  121  131  130  124  171
  199   71   93   94  110  117  129  136  132  124  112  212
  255  116   82   98  113  125  135  137  132  118  143  255
  255  255  133   85  101  121  127  120  114  143  255  255
  255  255  255  218  166  132  133  159  215  255  255  255


im2(:,:,3) =

  255  255  255  177   70   28   26   67  191  255  255  255
  255  255   34    0    4    5    7    5    0   84  255  255
  255   66    0    8    3    4    4    4    9    0  105  255
  222    0    7    6    4    4    2    2    2    7    0  211
  105    0    5    3    3    3    4    5    4    5    1   84
   34    4    9    6    7    7    8   10   12    9    5   45
   28    3    6    1    5    3    9   14   15   13    3   40
   68    0    4    7    3   11    9   15   17   11    0   89
  171    0    3    4    5    8   15   20   12    5    0  171
  255   41    0    1    7   12   15   14    9    0   32  255
  255  255   61    0    0    2    7    0    0   34  255  255
  255  255  255  197  103   38   31   78  176  255  255  255

Trial>> im3 = imread('cenoura4.png')

im3(:,:,1) =

  255  255  255  255  255  255  251  245  255  255  255  255
  255  255  255  255  255  254  239  244  244  255  255  255
  255  255  255  255  255  245  243  242  244  255  255  255
  255  255  255  255  254  240  243  239  249  255  255  255
  255  255  255  255  246  243  241  239  255  255  255  255
  255  255  255  254  240  243  237  255  255  255  255  255
  255  255  255  246  243  240  248  255  255  255  255  255
  255  254  255  239  241  242  255  255  255  255  255  255
  255  255  250  242  239  254  254  255  255  255  255  255
  255  255  240  241  245  255  254  255  255  255  255  255
  255  255  231  235  255  255  255  255  255  255  255  255
  255  255  240  252  255  254  254  255  255  255  255  255


im3(:,:,2) =

  255  255  255  255  255  255  238  187  255  255  255  255
  255  255  255  255  255  255  113  121  178  255  255  255
  255  255  255  255  255  188  121  106  161  255  255  255
  255  255  255  255  255  111  127   85  231  255  255  255
  255  255  255  255  193  120  101  156  255  255  255  255
  255  255  255  255  119  113  111  255  255  255  255  255
  255  255  255  200  111  100  242  255  255  255  255  255
  255  254  255  127  100  172  255  255  255  255  255  255
  255  255  234  108  108  255  255  255  255  255  255  255
  255  255  142   90  208  255  254  255  255  255  255  255
  255  255   74  125  255  255  255  255  255  255  255  255
  255  255  196  255  255  254  254  255  255  255  255  255


im3(:,:,3) =

  255  255  255  255  255  255  227  135  255  255  255  255
  255  255  255  255  255  255   23   27  124  255  255  255
  255  255  255  255  255  148   32   22  108  255  255  255
  255  255  255  255  255   25   51    1  219  255  255  255
  255  255  255  255  157   32   21  114  255  255  255  255
  255  255  255  255   36   33   40  255  255  255  255  255
  255  255  255  171   21   16  237  255  255  255  255  255
  255  254  255   55   15  130  255  255  255  255  255  255
  255  255  221   21   31  255  255  255  255  255  255  255
  255  255   79    4  183  255  254  255  255  255  255  255
  255  255    0   61  255  255  255  255  255  255  255  255
  255  255  170  255  255  253  254  255  255  255  255  255

Trial>> im4 = imread('cenoura5.png')

im4(:,:,1) =

  255  255  255  255  255  255  255  255  255  243  231  255
  255  255  255  255  255  255  255  255  245  217  160  237
  255  255  255  255  255  255  255  246  221  221  185  217
  255  255  255  255  255  255  254  226  222  201  158  252
  255  255  255  255  255  255  236  230  205  169  236  255
  255  255  255  255  255  243  238  219  189  255  255  255
  255  255  255  255  244  236  227  200  255  255  255  255
  255  255  255  242  235  226  202  249  255  255  255  255
  255  255  233  234  219  210  254  255  255  255  255  255
  255  241  229  212  226  255  255  255  255  255  255  255
  246  219  223  252  255  255  255  255  255  255  255  255
  247  249  255  255  255  255  255  255  255  255  255  255


im4(:,:,2) =

  255  255  255  255  255  255  255  255  255  229  216  255
  255  255  255  255  255  255  255  255  231  113   68  240
  255  255  255  255  255  255  255  233  125  125   81  204
  255  255  255  255  255  255  255  140  128   97   65  255
  255  255  255  255  255  255  166  136  100   92  230  255
  255  255  255  255  255  210  138  109  109  255  255  255
  255  255  255  255  222  142  121  117  255  255  255  255
  255  255  255  207  143  123   99  254  255  255  255  255
  255  255  169  142  110  136  255  255  255  255  255  255
  255  199  137  102  194  255  255  255  255  255  255  255
  227  118  179  255  255  255  255  255  255  255  255  255
  237  243  255  255  255  255  255  255  255  255  255  255


im4(:,:,3) =

  255  255  255  255  255  255  255  255  255  215  205  255
  255  255  255  255  255  255  255  255  215   41   20  239
  255  255  255  255  255  255  255  217   52   65   33  196
  255  255  255  255  255  255  255   67   65   47   24  254
  255  255  255  255  255  255  100   63   46   56  223  255
  255  255  255  255  255  173   55   40   68  255  255  255
  255  255  255  255  198   60   49   75  255  255  255  255
  255  255  255  167   60   51   44  253  255  255  255  255
  255  255  103   62   38   94  255  255  255  255  255  255
  255  147   59   33  172  255  255  255  255  255  255  255
  198   28  149  255  255  255  255  255  255  255  255  255
  223  236  255  255  255  255  255  255  255  255  255  255

Trial>> im1p = im2bw(im1, 0.9);
Trial>> im2p = im2bw(im2, 0.9);
Trial>> im3p = im2bw(im3, 0.9);
Trial>> im4p = im2bw(im4, 0.9);
Trial>> im1v = im1p(:)

im1v =

     1
     1
     1
     1
     0
     0
     0
     0
     1
     1
     1
     1
     1
     1
     0
     0
     0
     0
     0
     0
     0
     0
     1
     1
     1
     0
     0
     0
     0
     0
     0
     0
     0
     0
     0
     1
     1
     0
     0
     0
     0
     0
     0
     0
     0
     0
     0
     1
     0
     0
     0
     0
     0
     0
     0
     0
     0
     0
     0
     0
     0
     0
     0
     0
     0
     0
     0
     0
     0
     0
     0
     0
     0
     0
     0
     0
     0
     0
     0
     0
     0
     0
     0
     0
     0
     0
     0
     0
     0
     0
     0
     0
     0
     0
     0
     0
     1
     0
     0
     0
     0
     0
     0
     0
     0
     0
     0
     1
     1
     0
     0
     0
     0
     0
     0
     0
     0
     0
     0
     1
     1
     1
     0
     0
     0
     0
     0
     0
     0
     0
     1
     1
     1
     1
     1
     1
     0
     0
     0
     0
     1
     1
     1
     1

Trial>> im2v = im2p(:)

im2v =

     1
     1
     1
     1
     0
     0
     0
     0
     0
     1
     1
     1
     1
     1
     0
     0
     0
     0
     0
     0
     0
     0
     1
     1
     1
     0
     0
     0
     0
     0
     0
     0
     0
     0
     0
     1
     0
     0
     0
     0
     0
     0
     0
     0
     0
     0
     0
     0
     0
     0
     0
     0
     0
     0
     0
     0
     0
     0
     0
     0
     0
     0
     0
     0
     0
     0
     0
     0
     0
     0
     0
     0
     0
     0
     0
     0
     0
     0
     0
     0
     0
     0
     0
     0
     0
     0
     0
     0
     0
     0
     0
     0
     0
     0
     0
     0
     0
     0
     0
     0
     0
     0
     0
     0
     0
     0
     0
     0
     1
     0
     0
     0
     0
     0
     0
     0
     0
     0
     0
     1
     1
     1
     0
     0
     0
     0
     0
     0
     0
     0
     1
     1
     1
     1
     1
     1
     0
     0
     0
     0
     0
     1
     1
     1

Trial>> im3v = im3p(:)

im3v =

     1
     1
     1
     1
     1
     1
     1
     1
     1
     1
     1
     1
     1
     1
     1
     1
     1
     1
     1
     1
     1
     1
     1
     1
     1
     1
     1
     1
     1
     1
     1
     1
     1
     0
     0
     0
     1
     1
     1
     1
     1
     1
     0
     0
     0
     0
     0
     1
     1
     1
     1
     1
     0
     0
     0
     0
     0
     0
     1
     1
     1
     1
     0
     0
     0
     0
     0
     0
     1
     1
     1
     1
     1
     0
     0
     0
     0
     0
     1
     1
     1
     1
     1
     1
     0
     0
     0
     0
     0
     1
     1
     1
     1
     1
     1
     1
     1
     0
     0
     1
     1
     1
     1
     1
     1
     1
     1
     1
     1
     1
     1
     1
     1
     1
     1
     1
     1
     1
     1
     1
     1
     1
     1
     1
     1
     1
     1
     1
     1
     1
     1
     1
     1
     1
     1
     1
     1
     1
     1
     1
     1
     1
     1
     1

Trial>> im4v = im4p(:)

im4v =

     1
     1
     1
     1
     1
     1
     1
     1
     1
     1
     0
     1
     1
     1
     1
     1
     1
     1
     1
     1
     1
     0
     0
     1
     1
     1
     1
     1
     1
     1
     1
     1
     0
     0
     0
     1
     1
     1
     1
     1
     1
     1
     1
     0
     0
     0
     1
     1
     1
     1
     1
     1
     1
     1
     0
     0
     0
     0
     1
     1
     1
     1
     1
     1
     1
     0
     0
     0
     0
     1
     1
     1
     1
     1
     1
     1
     0
     0
     0
     0
     1
     1
     1
     1
     1
     1
     1
     0
     0
     0
     0
     1
     1
     1
     1
     1
     1
     1
     0
     0
     0
     0
     1
     1
     1
     1
     1
     1
     1
     0
     0
     0
     0
     1
     1
     1
     1
     1
     1
     1
     0
     0
     0
     0
     1
     1
     1
     1
     1
     1
     1
     1
     1
     1
     0
     1
     1
     1
     1
     1
     1
     1
     1
     1

Trial>> M = [im1v,im2v,im3v,im4v];
Trial>> Result = [1,1,0,0];